; 1
=2	4
=6	4
2	4
4	4
=2	4
=6	4
2	4
4	4

; 2
=3	4
=6	4
1	4
3	4
=6	4
=6	4
1	4
3	4

; 3
=4	4
=6	4
1	4
4	4
=4	4
=6	4
1	4
4	4

; 4
=3	4
=6	4
1	4
3	4
=6	4
=6	4
1	4
3	4

; 5
=2	4
=6	4
2	4
4	4
=2	4
=6	4
2	4
4	4

; 6
=3	4
=6	4
1	4
3	4
=6	4
=6	4
1	4
3	4

; 7
=4	4
=6	4
1	4
4	4
=5	4
=7	4
2	4
5	4

; 8
=3	4
=6	4
1	4
3	4
=6	4
=6	4
1	4
3	4

; 9
=2	4
=6	4
2	4
4	4
=2	4
=6	4
2	4
4	4

; 10
=3	4
=6	4
1	4
3	4
=6	4
=6	4
1	4
3	4

; 11
=4	4
=6	4
1	4
4	4
=4	4
=6	4
1	4
4	4

; 12
=3	4
=6	4
1	4
3	4
=6	4
=6	4
1	4
3	4

; 13
=2	4
=6	4
2	4
4	4
=2	4
=6	4
2	4
4	4

; 14
=3	4
=6	4
1	4
3	4
=6	4
=6	4
1	4
3	4

; 15
=4	4
=6	4
1	4
4	4
=5	4
=7	4
2	4
5	4

; 16
=3	4
=6	4
1	4
3	4
=6	4
=6	4
1	4
3	4

; 17
=4	4
=6	4
1	4
4	4
=4	4
=6	4
1	4
4	4

; 18
=3	4
=5	4
1	4
3	4
=3	4
=5	4
1	4
3	4

; 19
=2	4
=6	4
2	4
4	4
2	4
6=	4
2	4
4	4

; 20
=3	4
=6	4
1	4
3	4
=6	4
=6	4
1	4
3	4

; 21
=4	4
=6	4
1	4
4	4
=4	4
=6	4
1	4
4	4

; 22
=3	4
=5	4
1	4
3	4
=3	4
=5	4
1	4
3	4

; 23
=2	4
=6	4
2	4
4	4
2	4
=6	4
2	4
4	4

; 24
=3	4
=6	4
1	4
3	4
=6	4
=6	4
1	4
3	4

; 25
=4	4
=6	4
1	4
4	4
=4	4
=6	4
1	4
4	4

; 26
=3	4
=6	4
1	4
3	4
=6	4
=6	4
1	4
3	4

; 27
=4	4
=6	4
1	4
4	4
=4	4
=6	4
1	4
4	4

; 28
=3	4
=6	4
1	4
3	4
=6	4
=6	4
1	4
3	4

; 29
=2	4
=6	4
2	4
4	4
=2	4
=6	4
2	4
4	4

; 30
=3	4
=6	4
1	4
3	4
=6	4
=6	4
1	4
3	4

; 31
=4	4
=6	4
1	4
4	4
=4	4
=6	4
1	4
4	4

; 32
=3	4
=6	4
1	4
3	4
=6	4
=6	4
1	4
3	4

; 33
=2	4
=6	4
2	4
4	4
=2	4
=6	4
2	4
4	4

; 34
=3	4
=6	4
1	4
3	4
=6	4
=6	4
1	4
3	4

; 35
=4	4
=6	4
1	4
4	4
=5	4
=7	4
2	4
5	4

; 36
=3	4
=6	4
1	4
3	4
=6	4
=6	4
1	4
3	4

; 37
=4	4
=6	4
1	4
4	4
=4	4
=6	4
1	4
4	4

; 38
=3	4
=5	4
1	4
3	4
=3	4
=5	4
1	4
3	4

; 39
=2	4
=6	4
2	4
4	4
2	4
6=	4
2	4
4	4

; 40
=3	4
=6	4
1	4
3	4
=6	4
=6	4
1	4
3	4

; 41
=4	4
=6	4
1	4
4	4
=4	4
=6	4
1	4
4	4

; 42
=3	4
=5	4
1	4
3	4
=3	4
=5	4
1	4
3	4

; 43
=2	4
=6	4
2	4
4	4
2	4
=6	4
2	4
4	4

; 44
=3	4
=6	4
1	4
3	4
=6	4
=6	4
1	4
3	4

; 45
=4	4
=6	4
1	4
4	4
=4	4
=6	4
1	4
4	4

; 46
=3	4
=6	4
1	4
3	4
=6	4
=6	4
1	4
3	4

; 47
=4	4
=6	4
1	4
4	4
=4	4
=6	4
1	4
4	4

; 48
=3	4
=6	4
1	4
3	4
=6	4
=6	4
1	4
3	4

; 49
=4	4
=6	4
1	4
4	4
=4	4
=6	4
1	4
4	4

; 50
=3	4
=6	4
1	4
3	4
=6	4
=6	4
1	4
3	4

; 51
=4	4
=6	4
1	4
4	4
=4	4
=6	4
1	4
4	4

; 52
=3	16
0	16

