; 1
0	20	100
3	4	60
6	4	80
7	4	100

; 2
1=	8	100
2=	4	100
3=	4	100
2=	8	100
7	4	100
5	4	100

; 3
6	16	100
0	4	100
3	4	100
6	4	100
7	4	100

; 4
1=	8	100
2=	4	100
3=	4	100
2=	8	100
7	4	100
5	4	100

; 5
5=	16	100
0	4	100
3=	4	100
4=	4	100
5=	4	100

; 6
6=	8	100
5=	4	100
4=	4	100
3=	8	100
2=	8	100

; 7
3=	8	100
1=	4	100
7	4	100
6	8	100
6	4	100
7	4	100

; 8
1=	8	100
7	4	100
6	4	100
7	8	100
7	8	100

; 9
6	16	100
0	4	100
3	4	100
6	4	100
7	4	100

; 10
1=	8	100
2=	4	100
3=	4	100
2=	8	100
2=	4	100
5=	4	100

; 11
3=	16	100
0	4	100
3	4	100
6	4	100
7	4	100

; 12
1=	8	100
2=	4	100
3=	4	100
2=	8	100
2=	4	100
5=	4	100

; 13
3=	16	100
0	4	100
3=	4	100
4=	4	100
5=	4	100

; 14
6=	16	100
5=	4	100
4=	4	100
3=	4	100
2=	4	100

; 15
3=	8	100
1=	4	100
7	4	100
6	8	100
6	4	100
7	4	100

; 16
1=	8	100
7	4	100
6	4	100
7	8	100
#5	8	100

; 17
6	16	100
0	4	100
3	4	100
6	4	100
7	4	100

; 18
1=	8	100
2=	4	100
3=	4	100
2=	8	100
7	4	100
5	4	100

; 19
6	16	100
0	4	100
3	4	100
6	4	100
7	4	100

; 20
1=	8	100
2=	4	100
3=	4	100
2=	8	100
7	4	100
5	4	100

; 21
5=	16	100
0	4	100
3=	4	100
4=	4	100
5=	4	100

; 22
6=	8	100
5=	4	100
4=	4	100
3=	8	100
2=	8	100

; 23
3=	8	100
1=	4	100
7	4	100
6	8	100
6	4	100
7	4	100

; 24
1=	8	100
7	4	100
6	4	100
7	8	100
7	8	100

; 25
6	16	100
0	8	100
1=	4	80
2=	4	80

; 26
3=	24	80
2=	4	80
1=	4	80

; 27
2=	24	80
2=	4	85
3=	4	90

; 28
4=	24	100
4=	4	100
5=	4	100

; 29
3=	20	100
3=	4	100
2=	4	100
1=	4	100

; 30
6=	24	100
6=	4	85
7=	4	90

; 31
1==	4	95
5=	4	100
3=	4	90
1=	4	90
5	4	85
3	4	60
2=	4	100
3=	4	100

; 32
4=	24	100
3=	8	100

; 33
2=	24	100
1=	4	100
2=	4	100

; 34
3=	24	100
2=	4	100
1=	4	100

; 35
2=	24	100
2=	4	100
3=	4	100

; 36
4=	24	100
4=	4	100
5=	4	100

; 37
3=	16	100
0	4	100
3=	4	100
2=	4	100
1=	4	100

; 38
6=	24	100
1=	4	100
2=	4	100

; 39
3=	20	100
5=	4	100
4=	4	100
3=	4	100

; 40
4=	8	100
3=	8	100
2=	8	100
1=	8	100

; 41->42
3=	48	100
0	4	100
3	4	100
6	4	100
7	4	100

; 43
1=	8	100
2=	4	100
3=	4	100
2=	8	100
7	4	100
5	4	100

; 44
6	16	100
0	4	100
3	4	100
6	4	100
7	4	100

; 45
1=	8	100
2=	4	100
3=	4	100
2=	8	100
7	4	100
5	4	100

; 46
5=	16	100
0	4	100
3=/3==	4	100
4=/4==	4	100
5=/5==	4	100

; 47
6=/6==	8	100
5=/5==	4	100
4=/4==	4	100
3=/3==	8	100
2=/2==	8	100

; 48
3=/3==	8	100
1=/1==	4	100
7/7=	4	100
6/6=	8	100
6/6=	4	100
7/7=	4	100

; 49
1=/1==	8	100
7/7=	4	100
6/6=	4	100
7/7=	8	100
7/7=	8	100

; 50
6/6=	16	100
0	4	100
3=	4	100
6=	4	100
7=	4	100

; 51
1==	8	100
2==	4	100
3==	4	100
2==	8	100
2==	4	100
5==	4	100

; 52
3==	16	100
0	4	100
3=	4	100
6=	4	100
7=	4	100

; 53
1==	8	100
2==	4	100
3==	4	100
2==	8	100
2==	4	100
5==	4	100

; 54
3==	16	100
0	4	100
3==	4	100
4==	4	100
5==	4	100

; 55
6==	16	100
5==	4	100
4==	4	100
3==	4	100
2==	4	100

; 56
3==	8	100
1==	4	100
7=	4	100
6=	8	100
6=	4	100
7=	4	100

; 57
1==	8	100
7=	4	100
6=	4	100
7=	8	100
#5=	8	100

; 58
6=	16	100
0	8	100
6=	4	100
7=	4	100

; 59
1==	8	100
7=	4	100
6=	4	100
7=	8	100
#5=	8	100

; 60
6=	32	100

