; 1
0	32	100

; 2
==6	4	100
=3	4	100
=6	4	100
1	4	100
==5	4	100
=2	4	100
=5	4	100
=7	4	100

; 3
==6/=6	4	100
=3	4	48
=6	4	100
=7	4	100
1	8	100
0	8	100

; 4
==6	4	100
=3	4	100
=6	4	100
1	4	100
==5	4	100
=2	4	100
=5	4	100
7	4	100

; 5
=1/1	4	100
=5	4	100
1	4	100
3	4	100
5	8	100
0	8	100

; 6
=4	4	100
1	4	100
4	4	100
1	4	100
=3	4	100
1	4	100
3	4	100
=7	4	100

; 7
==6	4	100
=3	4	100
1	4	100
=3	4	100
==4	4	100
=1	4	100
=6	4	100
=1	4	100

; 8
==3	4	100
==6	4	100
=3	4	100
==6	4	100
==3	4	100
=1	4	100
=3	4	100
==7	4	100

; 9
==6/=6	4	100
=3	4	48
=6	4	100
1	4	100
3	8	100
0	8	100

; 10
==4	4	100
=1	4	100
=6	4	100
1	4	100
==5	4	100
=2	4	100
=5	4	100
=7	4	100

; 11
=1/1	4	100
=5	4	100
1	4	100
3	4	100
5	8	100
0	8	100

; 12
==4	4	100
=1	4	100
=4	4	100
1	4	100
==5	4	100
=2	4	100
=5	4	100
=7	4	100

; 13
=1/1	4	100
=5	4	100
=7/1	4	100
5	4	100
1	4	100
3	4	100
5	4	100
0	4	100

; 14
==4	4	100
==6	4	100
=1	4	100
=4	4	100
==3	4	100
==7	4	100
=3	4	100
=#5	4	100

; 15
==6	4	100
=3	4	100
=6	4	100
1	4	100
==4	4	100
=1	4	100
=4	4	100
=6	4	100

; 16
==3	4	100
==6	4	100
=3	4	100
=6	4	100
==3	4	100
==7	4	100
=#5	4	100
=7	4	100

; 17
==6/=6	4	100
=3	4	48
=6	4	100
1	4	100
3	8	100
0	8	100

; 18
==6	4	100
=3	4	100
=6	4	100
1	4	100
==5	4	100
=2	4	100
=5	4	100
=7	4	100

; 19
==6/=6	4	100
=3	4	48
=6	4	100
=7	4	100
1	8	100
0	8	100

; 20
==6	4	100
=3	4	100
=6	4	100
1	4	100
==5	4	100
=2	4	100
=5	4	100
7	4	100

; 21
=1/1	4	100
=5	4	100
1	4	100
3	4	100
5	8	100
0	8	100

; 22
=4	4	100
1	4	100
4	4	100
1	4	100
=3	4	100
1	4	100
3	4	100
=7	4	100

; 23
==6	4	100
=3	4	100
1	4	100
=3	4	100
==4	4	100
=1	4	100
=6	4	100
=1	4	100

; 24
==3	4	100
==6	4	100
=3	4	100
==6	4	100
==3	4	100
=1	4	100
=3	4	100
==7	4	100

; 25
==6/=6	4	100
=3	4	48
=6	4	100
1	4	100
3	8	100
0	8	100

; 26
=1	4	80
=5	4	80
1	4	80
3	4	80
=1	4	80
=5	4	80
1	4	80
3	4	80

; 27
==7	4	80
=5	4	80
=7	4	80
=2	4	80
==7	4	80
=5	4	80
==7	4	85
==b7	4	90

; 28
==4	4	90
=4	4	90
1	4	95
4	4	100
==4	4	100
=4	4	100
1	4	100
4	4	100

; 29
=1	4	100
=5	4	100
1	4	100
3	4	100
=1	4	100
1	4	100
=7	4	100
=6	4	100

; 30
=4	4	100
1	4	100
4	4	100
6	4	100
6	4	100
1	4	100
4	4	100
6	4	100

; 31
=1	4	100
=3	4	100
=5	4	100
1	4	100
3	4	100
1	4	100
=7	4	100
=5	4	100

; 32
=2	4	100
=6	4	100
2	4	100
4	4	100
6	8	100
0	8	100

; 33
==7	4	100
=2	4	100
=5	4	100
=7	4	100
2	8	100
0	8	100

; 34
=1	4	100
=5	4	100
1	4	100
3	4	100
=1	4	100
=5	4	100
1	4	100
3	4	100

; 35
==7	4	100
=5	4	100
=7	4	100
1	4	100
==7	4	100
=5	4	100
==7	4	100
=1	4	100

; 36
==6	4	100
=4	4	100
1	4	100
4	4	100
==6	4	100
=4	4	100
1	4	100
4	4	100

; 37
=1	4	100
=5	4	100
1	4	100
3	4	100
=1	4	100
1	4	100
=7	4	100
=6	4	100

; 38
=4	4	100
1	4	100
4	4	100
6	4	100
6	4	100
1	4	100
4	4	100
6	4	100

; 39
=1	4	100
=5	4	100
1	4	100
3	4	100
1	4	100
3	4	100
1	4	100
=5	4	100

; 40
==4	4	100
=1	4	100
=4	4	100
=6	4	100
1	4	100
4	4	100
6	4	100
4	4	100

; 41->42
==3	4	100
=3	4	60
=#5	4	90
=7	4	45
2	40	70
0	8	100


; 43
==6	4	100
=3	4	100
=6	4	100
1	4	100
==5	4	100
=2	4	100
=5	4	100
=7	4	100

; 44
==6/=6	4	100
=3	4	48
=6	4	100
=7	4	100
1	8	100
0	8	100

; 45
==6	4	100
=3	4	100
=6	4	100
1	4	100
==5	4	100
=2	4	100
=5	4	100
=7	4	100

; 46
=1/1	4	100
=5	4	100
1	4	100
3	4	100
5	8	100
0	8	100

; 47
=4	4	100
1	4	100
4	4	100
1	4	100
=3	4	100
1	4	100
3	4	100
=7	4	100

; 48
==6	4	100
=3	4	100
1	4	100
=3	4	100
==4	4	100
=1	4	100
=6	4	100
=1	4	100

; 49
==3	4	100
==6	4	100
=3	4	100
==6	4	100
==3	4	100
==7	4	100
=3	4	100
==7	4	100

; 50
==6/=6	4	100
=3	4	48
=6	4	80
1	4	70
3	8	60
0	8	100

; 51
=4	4	100
1	4	100
6	4	100
1=	4	100
=5	4	100
2	4	100
5	4	100
7	4	100

; 52
1/1=	4	100
5	4	100
1=	4	100
3=	4	100
5=	8	100
0	8	100

; 53
=4	4	100
1	4	100
4	4	100
1=	4	100
=5	4	100
2	4	100
5	4	100
7	4	100

; 54
1/1=	4	100
5	4	100
7/1=	4	100
5	4	100
1=	4	100
3=	4	80
5=	4	60
0	4	100

; 55
=4	4	100
=6	4	100
1	4	100
4	4	100
=3	4	100
=7	4	100
3	4	100
#5	4	100

; 56
=6	4	100
3	4	100
6	4	100
1=	4	100
=4	4	100
1	4	100
4	4	100
6	4	100

; 57
=3	4	100
=6	4	100
3	4	100
6	4	100
=3	4	100
=7	4	100
#5	4	100
7	4	100

; 58
=6/6	4	100
3	4	60
6	4	100
1=	12	80
0	8	100

; 59
=4	4	100
1	4	100
4	4	100
6	4	100
=3	4	100
=7	4	100
3	4	100
#5	4	100

; 60
=6	4	100
=7	4	100
1	4	100
3	4	100
6/3=/6=	16	100

