; 1
0	32

; 2
0	32

; 3
0	32

; 4
0	32

; 5
0	32

; 6
0	32

; 7
0	32

; 8
0	32

; 9
0	32

; 10
0	32

; 11
0	32

; 12
0	32

; 13
0	32

; 14
0	32

; 15
0	32

; 16
0	32

; 17
0	32

; 18
0	32

; 19
0	32

; 20
0	32

; 21
0	32

; 22
0	32

; 23
0	32

; 24
0	32

; 25
0	32

; 26
0	32

; 27
0	32

; 28
0	32

; 29
0	32

; 30
0	32

; 31
0	32

; 32
0	32

; 33
0	32

; 34
1=	4
5=	4
1==	4
2==	4
3==	16

; 35
0	8
2==	2
3==	2
2==	2
3==	2
2==	8
0	8

; 36
0	8
4==	4
3==	4
4==	8
0	8

; 37
0	8
6==	4
5==	4
4==	4
3==	4
2==	4
1==	4

; 38
0	8
1==	4
4==	4
6==	8
0	8

; 39
0	8
1==	4
5==	4
4==	4
3==	4
2==	4
1==	4

; 40
0	32

; 41
0	32

; 42
0	32

; 43
0	32

; 44
0	32

; 45
0	32

; 46
0	32

; 47
0	32

; 48
0	32

; 49
0	32

; 50
0	32

; 51
0	32

; 52
0	32

; 53
0	32

; 54
0	32

; 55
0	32

; 56
0	32

; 57
0	32

; 58
0	32

; 59
0	32

