; 1->13
0	416	100

; 14
3=	4	100
4=	4	100
5=	4	100
3=	4	100
2=	8	100
1=	8	100

; 15
6	8	100
3=	8	100
2=	16	100

; 16
3=	4	100
4=	4	100
5=	4	100
3=	4	100
2=	8	100
1=	8	100

; 17
6=	8	100
6=	8	100
5=	12	100
4=	4	100

; 18
3=	4	100
4=	4	100
5=	4	100
3=	4	100
2=	8	100
1=	8	100

; 19
6	8	100
3=	8	100
2=	8	100
7	4	100
6	4	100

; 20
5	8	100
2=	8	100
1=	8	100
2=	4	100
3=	4	100

; 21
4=	4	100
3=	4	100
2=	4	100
1=	4	100
6	8	100
1=	4	100
2=	4	100

; 22
1=	32	100

; 23->39
0	544	100

; 40
3=	4	100
4=	4	100
5=	4	100
3=	4	100
2=	8	100
1=	8	100

; 41
6	8	100
3=	8	100
2=	16	100

; 42
3=	4	100
4=	4	100
5=	4	100
3=	4	100
2=	8	100
1=	8	100

; 43
6=	8	100
6=	8	100
5=	12	100
4=	4	100

; 44
3=	4	100
4=	4	100
5=	4	100
3=	4	100
2=	8	100
1=	8	100

; 45
6	8	100
3=	8	100
2=	8	100
7	4	100
6	4	100

; 46
5	8	100
2=	8	100
1=	8	100
2=	4	100
3=	4	100

; 47
4=	4	100
3=	4	100
2=	4	100
1=	4	100
6	8	100
1=	4	100
2=	4	100

; 48
1=	32	100

; 49->56
0	256	100

; 57
3=	4	100
4=	4	100
5=	4	100
3=	4	100
2=	8	100
1=	8	100

; 58
6	8	100
3=	8	100
2=	16	100

; 59
3=	4	100
4=	4	100
5=	4	100
3=	4	100
2=	8	100
1=	8	100

; 60
6=	8	100
6=	8	100
5=	12	100
4=	4	100

; 61
3=	4	100
4=	4	100
5=	4	100
3=	4	100
2=	8	100
1=	8	100

; 62
6	8	100
3=	8	100
2=	8	100
7	4	100
6	4	100

; 63
5	8	100
2=	8	100
1=	8	100
2=	4	100
3=	4	100

; 64
4=	4	100
3=	4	100
2=	4	100
1=	4	100
6	8	100
1=	4	100
2=	4	100

; 65
1=	32	100

; 66
3=	4	100
4=	4	100
5=	4	100
3=	4	100
2=	8	100
1=	8	100

; 67
6	8	100
3=	8	100
2=	16	100

; 68
3=	4	100
4=	4	100
5=	4	100
3=	4	100
2=	8	100
1=	8	100

; 69
6=	8	100
6=	8	100
5=	12	100
4=	4	100

; 70
3=	4	100
4=	4	100
5=	4	100
3=	4	100
2=	8	100
1=	8	100

; 71
6	8	100
3=	8	100
2=	8	100
7	4	100
6	4	100

; 72
5	8	100
2=	8	100
1=	8	100
2=	4	100
3=	4	100

; 73
4=	4	100
3=	4	100
2=	4	100
1=	4	100
6	8	100
1=	4	100
2=	4	100

; 74
1=	32	100

; 75->82
0	256	100

