; 1
0	4	100
5	4	100
1=	4	100
2=	4	100
3=	4	100
5	4	100
2=	4	100
1=	4	100

; 2
0	4	100
5	4	100
1=	4	100
5=	4	100
4=	4	100
3=	4	100
2=	4	100
1=	4	100

; 3
0	4	100
5	4	100
1=	4	100
2=	4	100
3=	4	100
5	4	100
2=	4	100
1=	4	100

; 4
1=	20	100
5	4	100
1=	4	100
2=	4	100

; 5
3=	4	100
4=	4	100
5=	4	100
3=	4	100
2=	8	100
1=	8	100

; 6
6	8	100
3=	8	100
2=	16	100

; 7
3=	4	100
4=	4	100
5=	4	100
3=	4	100
2=	8	100
1=	8	100

; 8
6=	8	100
6=	8	100
5=	16	100

; 9
3=	4	100
4=	4	100
5=	4	100
3=	4	100
2=	8	100
1=	8	100

; 10
6	8	100
3=	8	100
2=	8	100
7	4	100
6	4	100

; 11
5	8	100
2=	8	100
1=	8	100
2=	4	100
3=	4	100

; 12
4=	4	100
3=	4	100
2=	4	100
1=	4	100
6	8	100
1=	4	100
2=	4	100

; 13
3/1=	32	90

; 14
3=	4	100
4=	4	100
5=	4	100
3=	4	100
5/2=	8	100
1=	8	100

; 15
4/6	8	100
3=	8	100
5/2=	16	100

; 16
5/3=	4	100
4=	4	100
5=	4	100
3=	4	100
3/2=	8	100
1=	8	100

; 17
4/6=	8	100
4/6=	8	100
2/5=	12	100
4=	4	100

; 18
5/3=	4	100
4=	4	100
5=	4	100
3=	4	100
5/2=	8	100
1=	8	100

; 19
4/6	8	100
3=	8	100
5/2=	8	100
7	4	100
6	4	100

; 20
3/5	8	100
2=	8	100
6/1=	8	100
2=	4	100
3=	4	100

; 21
1=/4=	4	100
3=	4	100
2=	4	100
1=	4	100
4/6	8	100
1=	4	100
2=	4	100

; 22
1=	32	100

; 23
1/4/6	12	100
1=	4	100
2/7	4	100
1=	4	100
2=	4	100
7	4	100

; 24
3/5	16	100
1	4	100
2	4	100
3	4	100
5	4	100

; 25
1/6	12	100
1=	4	100
2/7	4	100
1=	4	100
2=	4	100
5	4	100

; 26
3=	8	100
2=	4	100
3=	4	100
3/1=	16	100

; 27
1/6	12	100
1=	4	100
2/7	4	100
1=	4	100
2=	4	100
2/7	4	100

; 28
3/6	8	100
2=	4	100
3=	4	100
6/1=/4=	16	100

; 29
1/6	12	100
1=	4	100
2/7	4	100
1=	4	100
2=	4	100
7	4	100

; 30
4/1=	24	80
0	4	100
5	4	80

; 31
3=	4	100
4=	4	100
5=	4	100
3=	4	100
2=	8	100
1=	8	100

; 32
6	8	100
3=	8	100
2=	16	100

; 33
3=	4	100
4=	4	100
5=	4	100
3=	4	100
2=	8	100
1=	8	100

; 34
6=	8	100
6=	8	100
5=	16	100

; 35
3=	4	100
4=	4	100
5=	4	100
3=	4	100
2=	8	100
1=	8	100

; 36
6	8	100
3=	8	100
2=	8	100
7	4	100
6	4	100

; 37
5	8	100
2=	8	100
1=	8	100
2=	4	100
3=	4	100

; 38
4=	4	100
3=	4	100
2=	4	100
1=	4	100
6	8	100
1=	4	100
2=	4	100

; 39
3/1=	32	90

; 40
3=	4	100
4=	4	100
5=	4	100
3=	4	100
5/2=	8	100
1=	8	100

; 41
4/6	8	100
3=	8	100
5/2=	16	100

; 42
5/3=	4	100
4=	4	100
5=	4	100
3=	4	100
3/2=	8	100
1=	8	100

; 43
4/6=	8	100
4/6=	8	100
2/5=	12	100
4=	4	100

; 44
5/3=	4	100
4=	4	100
5=	4	100
3=	4	100
5/2=	8	100
1=	8	100

; 45
4/6	8	100
3=	8	100
5/2=	8	100
7	4	100
6	4	100

; 46
3/5	8	100
2=	8	100
6/1=	8	100
2=	4	100
3=	4	100

; 47
1=/4=	4	100
3=	4	100
2=	4	100
1=	4	100
4/6	8	100
1=	4	100
2=	4	100

; 48
1=	32	100

; 49
1/4/6	8	100
6	4	100
1=	4	100
1=	4	100
7	4	100
6	4	100
5	4	100

; 50
3	8	100
2	4	100
3	4	100
1	12	100
=6	4	100

; 51
1/4/6	8	100
6	4	100
1=	4	100
1=	4	100
7	4	100
6	4	100
5	4	100

; 52
3/5	32	100

; 53
1/4/6	8	100
6	4	100
1=	4	100
1=	4	100
7	4	100
6	4	100
5	4	100

; 54
3	8	100
2	4	100
3	4	100
6	12	100
3	4	100

; 55
=6/4	4	100
3	4	100
2	4	100
3	4	100
4	8	100
6	8	100

; 56
=7/5	32	100

; 57
3=	4	100
4=	4	100
5=	4	100
3=	4	100
5/2=	8	100
5/1=	8	100

; 58
4/6	8	100
1=/3=	8	100
5/2=	16	100

; 59
5/3=	4	100
4=	4	100
5=	4	100
3=	4	100
3/2=	8	100
3/1=	8	100

; 60
4=/6=	8	100
4=/6=	8	100
2=/5=	12	100
4=	4	100

; 61
5/3=	4	100
4=	4	100
5=	4	100
3=	4	100
5/2=	8	100
5/1=	8	100

; 62
4/6	8	100
3=	8	100
5/2=	8	100
7	4	100
6	4	100

; 63
3/5	8	100
2=	8	100
6/1=	8	100
2=	4	100
3=	4	100

; 64
1=/4=	4	100
3=	4	100
2=	4	100
1=	4	100
4/6	8	100
1=	4	100
2=	4	100

; 65
1=	20	100
5	4	100
1=	4	100
2=	4	100

; 66
3=	4	100
4=	4	100
5=	4	100
3=	4	100
5/2=	8	100
5/1=	8	100

; 67
4/6	8	100
1=/3=	8	100
5/2=	16	100

; 68
5/3=	4	100
4=	4	100
5=	4	100
3=	4	100
3/2=	8	100
3/1=	8	100

; 69
4=/6=	8	100
4=/6=	8	100
2=/5=	12	100
4=	4	100

; 70
5/3=	4	100
4=	4	100
5=	4	100
3=	4	100
5/2=	8	100
5/1=	8	100

; 71
4/6	8	100
3=	8	100
5/2=	8	100
7	4	100
6	4	100

; 72
3/5	8	100
2=	8	100
6/1=	8	100
2=	4	100
3=	4	100

; 73
1=/4=	4	100
3=	4	100
2=	4	100
1=	4	100
4/6	8	100
1=	4	100
2=	4	100

; 74
0	4	100
5	4	100
1=	4	100
2=	4	100
3=	4	100
5	4	100
2=	4	100
1=	4	100

; 75
0	4	100
5	4	100
1=	4	100
5=	4	100
4=	4	100
3=	4	100
2=	4	100
1=	4	100

; 76
0	4	100
5	4	100
1=	4	100
2=	4	100
3=	4	100
5	4	100
2=	4	100
1=	4	100

; 77
0	4	100
5	4	100
b3=	4	100
2=	4	100
1=	4	100
5	4	100
4	4	100
5	4	100

; 78
0	4	100
=5	4	100
1	4	100
2	4	100
3	4	100
=5	4	100
2	4	100
1	4	100

; 79
0	4	100
=5	4	100
1	4	100
5	4	100
4	4	100
3	4	100
2	4	100
1	4	100

; 80
0	4	100
=5	4	100
1	4	100
2	4	100
3	4	100
=5	4	100
2	4	100
1	4	100

; 81
0	4	100
=#5	4	100
1/b3	4	100
=b7/2	4	100
=#5/1	4	100
=b7/2	4	100
1/b3	4	100
=#5/1	4	100

; 82
1/3/5	32	75

