; 1
1	32	100

; 2
1	32	100

; 3
1	24	100
=5	8	80

; 4
=1	32	60

; 5
=1	4	100
=5	4	100
3	4	100
=5	4	100
==6	4	100
3	8	100
3	4	100

; 6
==4	4	100
=1	4	100
=6	4	100
=1	4	100
==5	4	100
=2	4	100
=5	4	100
=2	4	70

; 7
=1	4	100
=5	4	100
3	4	100
=5	4	100
==6	4	100
=3	4	100
1	4	100
=3	4	100

; 8
==4	4	100
=1	4	100
=6	4	100
=1	4	100
==5	4	100
=2	4	100
=7	4	100
5	4	100

; 9
=1	4	100
=5	4	100
3	4	100
=5	4	100
==6	4	100
3	8	100
3	4	100

; 10
==4	4	100
=1	4	100
=6	4	100
=1	4	100
==5	4	100
=2	4	100
=5	4	100
=2	4	100

; 11
==3	4	100
==7	4	100
=3	4	100
==7	4	100
==6	4	100
=3	4	100
=6	4	100
=3	4	100

; 12
==2	4	100
==6	4	100
=2	4	100
==6	4	100
==4	4	100
=1	4	100
=4	4	100
=1	4	100

; 13
=1	4	60
=5	4	65
2	4	70
3	4	80
5	4	80
1	4	80
=6	4	80
=5	4	80

; 14
=1	4	100
=5	4	100
3	4	100
=5	4	100
==6	4	100
3	8	100
3	4	100

; 15
==4	4	100
=1	4	100
=6	4	100
=1	4	100
==5	4	100
=2	4	100
=7	4	100
=5	4	100

; 16
=1	4	100
=5	4	100
3	4	100
=5	4	100
==6	4	100
=3	4	100
1	4	100
=3	4	100

; 17
==4	4	100
=1	4	100
=6	4	100
=1	4	100
==5	4	100
=2	4	100
=7	4	100
=5	4	100

; 18
=1	4	100
=5	4	100
3	4	100
=5	4	100
==6	4	100
3	8	100
3	4	100

; 19
==4	4	100
=1	4	100
=4	4	100
=1	4	100
==5	4	100
=2	4	100
=5	4	100
=2	4	100

; 20
==3	4	100
==7	4	100
=5	4	100
==7	4	100
==6	4	100
=3	4	100
1	4	100
=3	4	100

; 21
==2	4	100
==6	4	100
=2	4	100
==6	4	100
==4	4	100
=1	4	100
=4	4	100
=1	4	100

; 22
=1/=3	32	100

; 23
==4	4	100
=1	4	100
=4/=6	8	100
==5	4	100
=2	4	100
=7/2	8	100

; 24
==1	4	100
=1	4	100
=5	4	100
=3	12	100
=1	8	100

; 25
==4	4	100
=1	4	100
1	8	100
==5	4	100
=5	12	100

; 26
==1	4	100
=1	4	100
=5	8	100
=1	4	100
1	4	100
=5/3	8	100

; 27
==4	4	100
=1	4	100
=6	4	100
=1	4	100
==5	4	100
=2	4	100
=7	4	100
=2	4	100

; 28
==6	4	100
=3	4	100
1	4	100
=3	4	100
==b7	16	100

; 29
==4	4	100
=1	4	100
=6/1	4	100
=1	4	100
==5	4	100
=2	4	100
=7/2	8	100

; 30
=1	4	100
1	4	70
=5	4	80
=4	4	80
=3/1	16	80

; 31
=1	4	100
=5	4	100
3	4	100
=5	4	100
==6	4	100
3	8	100
3	4	100

; 32
==4	4	100
=1	4	100
=6	4	100
=1	4	100
==5	4	100
=2	4	100
=5	4	100
=2	4	100

; 33
=1	4	100
=5	4	100
3	4	100
=5	4	100
==6	4	100
=3	4	100
1	4	100
=3	4	100

; 34
==4	4	100
=1	4	100
=6	4	100
=1	4	100
==5	4	100
=2	4	100
=7	4	100
5	4	100

; 35
=1	4	100
=5	4	100
3	4	100
=5	4	100
==6	4	100
3	8	100
3	4	100

; 36
==4	4	100
=1	4	100
=6	4	100
=1	4	100
==5	4	100
=2	4	100
=5	4	100
=2	4	100

; 37
==3	4	100
==7	4	100
=3	4	100
==7	4	100
==6	4	100
=3	4	100
=6	4	100
=3	4	100

; 38
==2	4	100
==6	4	100
=2	4	100
==6	4	100
==4	4	100
=1	4	100
=4	4	100
=1	4	90

; 39
=1	4	60
=5	4	65
2	4	70
3	4	80
5	4	80
1	4	80
=6	4	80
=5	4	80

; 40
=1	4	100
=5	4	100
3	4	100
=5	4	100
==6	4	100
3	8	100
3	4	100

; 41
==4	4	100
=1	4	100
=6	4	100
=1	4	100
==5	4	100
=2	4	100
=7	4	100
=5	4	100

; 42
=1	4	100
=5	4	100
3	4	100
=5	4	100
==6	4	100
=3	4	100
1	4	100
=3	4	100

; 43
==4	4	100
=1	4	100
=6	4	100
=1	4	100
==5	4	100
=2	4	100
=7	4	100
=5	4	100

; 44
=1	4	100
=5	4	100
3	4	100
=5	4	100
==6	4	100
3	8	100
3	4	100

; 45
==4	4	100
=1	4	100
=4	4	100
=1	4	100
==5	4	100
=2	4	100
=5	4	100
=2	4	100

; 46
==3	4	100
==7	4	100
=5	4	100
==7	4	100
==6	4	100
=3	4	100
1	4	100
=3	4	100

; 47
==2	4	100
==6	4	100
=2	4	100
==6	4	100
==4	4	100
=1	4	100
=4	4	100
=1	4	100

; 48
=1/=3	32	100

; 49
=4	4	100
=6	4	100
1	4	100
=4	4	100
2	4	100
=5	4	100
=7	4	100
=5	4	100

; 50
=1	4	100
=5	4	100
1	8	100
==6	4	100
=3	4	100
=1	8	100

; 51
=4	4	100
=6	4	100
1	4	100
=6	4	100
2	8	100
=7	4	100
=5	4	100

; 52
==3	4	100
=1	4	100
=5	4	100
1	4	100
2	4	100
3	4	100
1	4	100
=b7	4	100

; 53
=4	4	100
=6	4	100
1	8	100
=5/2	8	100
=7	8	100

; 54
==1	4	100
=1	12	100
==6	8	100
=6	8	100

; 55
==4	12	100
=4	4	60
=6	4	100
=4	4	100
=2	4	100
==6	4	100

; 56
==5	4	100
=2	4	100
=5	4	100
1	4	100
=5/=7	16	100

; 57
=1	4	100
=5	4	100
3	4	100
=1	4	100
==6	4	100
=3	4	100
1	4	100
=3	4	100

; 58
==4	4	100
=1	4	100
=4	4	100
=1	4	100
==5	4	100
=2	4	100
=5	4	100
=2	4	100

; 59
=1	4	100
=5	4	100
3	4	100
=1	4	100
==6	4	100
=3	4	100
1	4	100
=3	4	100

; 60
==4	4	100
=1	4	100
=6	4	100
=1	4	100
==5	4	100
=2	4	100
=5	4	100
=2	4	100

; 61
=1	4	100
=5	4	100
3	4	100
=1	4	100
==6	4	100
=3	4	100
1	4	100
=3	4	100

; 62
==4	4	100
=1	4	100
=4	4	100
=1	4	100
==5	4	100
=2	4	100
=5	4	100
=2	4	100

; 63
==3	4	100
==7	4	100
=3	4	100
==7	4	100
==6	4	100
=3	4	100
=6	4	100
=3	4	100

; 64
==2	4	100
==6	4	100
=2	4	100
==6	4	100
==4	4	100
=1	4	100
=4	4	100
=1	4	100

; 65
=1	4	60
=5	4	65
2	4	70
3	4	80
5	4	80
1	4	80
=6	4	80
=5	4	80

; 66
=1	4	100
=5	4	100
3	4	100
=1	4	100
==6	4	100
=3	4	100
1	4	100
=3	4	100

; 67
==4	4	100
=1	4	100
=4	4	100
=1	4	100
==5	4	100
=2	4	100
=7	4	100
=5	4	100

; 68
=1	4	100
=5	4	100
3	4	100
=5	4	100
==6	4	100
=3	4	100
1	4	100
=3	4	100

; 69
==4	4	100
=1	4	100
=6	4	100
=1	4	100
==5	4	100
=2	4	100
=7	4	100
=2	4	100

; 70
=1	4	100
=5	4	100
3	4	100
=5	4	100
==6	4	100
=3	4	100
1	4	100
=3	4	100

; 71
==4	4	100
=1	4	100
=6	4	100
=1	4	100
==5	4	100
=2	4	100
=7	4	100
=2	4	100

; 72
==3	4	100
==7	4	100
=3	4	100
==7	4	100
==6	4	100
=3	4	100
=6	4	100
=3	4	100

; 73
==2	4	100
==6	4	100
=2	4	100
==6	4	100
==4	4	100
=1	4	100
=4	4	100
=1	4	100

; 74
1	32	100

; 75
=b7	32	100

; 76
=6	32	100

; 77
=#5	32	100

; 78
=1	32	100

; 79
==b7	32	100

; 80
==6	32	100

; 81
==#5	32	100

; 82
==1/=1	32	75

